#configuration file for MonoSLAM

sigma_v = 0.01;
sigma_w = 0.005;


rho_0 = 0.1;
sigma_rho_0 = 0.25;

sigma_pixel = 2;
window_size = 21;

kernel_size = 1000;

scale = 2;

T_camera = 0.1;

min_features = 30;
max_features = 100;



camera = {
  # fx = 1436.8218;
  # fy = 1412.0250;
  # u0 = 630.9579;
  # v0 = 432.8925;

  fx = 718.4109;
  fy = 706.0125;
  u0 = 315.47895;
  v0 = 216.44625;
  k1 = -0.0182844;
  k2 = 0.04502865;
  p1 = 0.0;
  p2 = 0.0;
  k3 = 0.0;
};


