# oST version 5.0 parameters

[image]

width
1920

height
1080

[narrow_stereo]

camera matrix
1408.539152 0.000000 967.859152
0.000000 1403.691189 576.600801
0.000000 0.000000 1.000000

distortion
-0.162186 0.005316 0.002137 0.001249 0.000000

rectification
0.999835 0.007304 0.016610
-0.007188 0.999950 -0.006995
-0.016660 0.006875 0.999838

projection
1459.591385 0.000000 950.076309 0.000000
0.000000 1459.591385 565.247131 0.000000
0.000000 0.000000 1.000000 0.000000

