# oST version 5.0 parameters

[image]

width
1920

height
1080

[narrow_stereo]

camera matrix
1383.066502 0.000000 970.829836
0.000000 1372.089622 568.687959
0.000000 0.000000 1.000000

distortion
-0.149042 -0.003742 0.002648 0.000512 0.000000

rectification
1.000000 0.000000 0.000000
0.000000 1.000000 0.000000
0.000000 0.000000 1.000000

projection
1260.877808 0.000000 974.463974 0.000000
0.000000 1336.486938 571.533231 0.000000
0.000000 0.000000 1.000000 0.000000


